1.998969 0.0 0.0
0.99896896 0.0 0.000125517760763148
0.9979569 0.0 0.006526923559683696
0.9979467 0.0 0.006777959081209991
0.99720865 0.0 0.0248525166311033
0.99720854 0.0 0.025103552152629598
0.99718696 0.0 0.026107694238734783
0.99718684 0.0 0.026358729760261077
0.99687517 0.0 0.038910505836575876
0.9968733 0.0 0.039161541358102174
0.99673045 0.0 0.04531191163549642
0.9967272 0.0 0.04556294715702272
0.99645895 0.0 0.058114723233337516
0.99644804 0.0 0.058365758754863814
0.9962781 0.0 0.06790510857286305
0.9962758 0.0 0.06815614409438936
0.99600935 0.0 0.083971381950546
0.99600804 0.0 0.08422241747207229
0.99597615 0.0 0.08547759507970377
0.9959758 0.0 0.08572863060123008
0.9955792 0.0 0.10844734529935986
0.99557745 0.0 0.10869838082088616
0.9955187 0.0 0.11208736036149115
0.9955171 0.0 0.11233839588301744
0.99547136 0.0 0.1150997866198067
0.9954709 0.0 0.11535082214133299
0.99544394 0.0 0.11723358855278022
0.9954419 0.0 0.11748462407430652
0.99529666 0.0 0.12438810091627965
0.99528486 0.0 0.12463913643780596
0.99526775 0.0 0.12564327852391113
0.99526715 0.0 0.12589431404543744
0.9952276 0.0 0.12853018702146354
0.9952265 0.0 0.12878122254298982
0.9951682 0.0 0.13405296849504206
0.9951592 0.0 0.13430400401656833
0.99513924 0.0 0.13593573490648928
0.9951343 0.0 0.13643780594954186
0.9951298 0.0 0.13693987699259444
0.9951271 0.0 0.13719091251412074
0.99505544 0.0 0.14170955190159407
0.995054 0.0 0.14196058742312037
0.99503505 0.0 0.1428392117484624
0.9950315 0.0 0.1430902472699887
0.9949409 0.0 0.15024475963348813
0.9949405 0.0 0.15049579515501443
0.9949004 0.0 0.15262959708798796
0.99489623 0.0 0.15288063260951423
0.9948836 0.0 0.15338270365256684
0.9948827 0.0 0.15363373917409315
0.99479526 0.0 0.16041169825530313
0.9947931 0.0 0.1606627337768294
0.9947555 0.0 0.16392619555667126
0.99475276 0.0 0.16417723107819757
0.9947385 0.0 0.1650558554035396
0.99473685 0.0 0.1653068909250659
0.9946977 0.0 0.16756621061880256
0.9946966 0.0 0.16781724614032886
0.99467117 0.0 0.1708296723986444
0.99467057 0.0 0.17108070792017072
0.9946143 0.0 0.17547382954688087
0.99461114 0.0 0.17572486506840718
0.9946102 0.0 0.17585038282917032
0.99460924 0.0 0.17610141835069662
0.99459225 0.0 0.1771055604368018
0.9945911 0.0 0.1776076314798544
0.99457586 0.0 0.1794903978913016
0.994574 0.0 0.17974143341282792
0.99450475 0.0 0.18400903727877493
0.99450386 0.0 0.18426007280030124
0.9944674 0.0 0.1867704280155642
0.99446726 0.0 0.1870214635370905
0.9944247 0.0 0.1894063009915903
0.99442285 0.0 0.18965733651311661
0.99441826 0.0 0.1899083720346429
0.9944173 0.0 0.1901594075561692
0.99441355 0.0 0.19053596083845864
0.9944132 0.0 0.19078699635998494
0.99439806 0.0 0.192544245010669
0.9943889 0.0 0.1930463160537216
0.9943797 0.0 0.19342286933601105
0.99437594 0.0 0.19367390485753735
0.9943586 0.0 0.19555667126898457
0.99435824 0.0 0.19580770679051085
0.9942952 0.0 0.1990711685703527
0.9942941 0.0 0.199322204091879
0.99419594 0.0 0.20647671645537843
0.9941958 0.0 0.20672775197690474
0.9941366 0.0 0.21225053345048325
0.99413514 0.0 0.21250156897200953
0.99412584 0.0 0.21287812225429897
0.99412435 0.0 0.21312915777582528
0.9940202 0.0 0.2210367767039036
0.9940181 0.0 0.2212878122254299
0.9939997 0.0 0.2229195431153508
0.9939985 0.0 0.22317057863687711
0.99389994 0.0 0.2312037153257186
0.99389523 0.0 0.23145475084724487
0.9938899 0.0 0.23183130412953432
0.99388945 0.0 0.23220785741182376
0.9938758 0.0 0.23296096397640267
0.9938745 0.0 0.23321199949792895
0.9938414 0.0 0.2362244257562445
0.99384093 0.0 0.2364754612777708
0.993806 0.0 0.23860926321074433
0.9938059 0.0 0.2388602987322706
0.9937204 0.0 0.24551274005271745
0.99371946 0.0 0.24576377557424375
0.9936469 0.0 0.2497803439186645
0.9936435 0.0 0.25003137944019077
0.9936156 0.0 0.2521651813731643
0.9936134 0.0 0.2524162168946906
0.9936054 0.0 0.2531693234592695
0.9936005 0.0 0.2534203589807958
0.9935515 0.0 0.25731140956445336
0.99354833 0.0 0.25756244508597964
0.99346876 0.0 0.2625831555165056
0.9934668 0.0 0.2628341910380319
0.99342537 0.0 0.26572109953558426
0.99342394 0.0 0.2659721350571106
0.99341327 0.0 0.26697627714321576
0.9934123 0.0 0.26722731266474203
0.99336064 0.0 0.2703652566838208
0.99335855 0.0 0.27061629220534705
0.9933569 0.0 0.27111836324839966
0.9933523 0.0 0.27136939876992594
0.9933015 0.0 0.2751349315928204
0.99329984 0.0 0.27538596711434665
0.9932642 0.0 0.27827287561189906
0.9932628 0.0 0.2785239111334254
0.9931792 0.0 0.28367013932471447
0.9931779 0.0 0.28392117484624074
0.9931411 0.0 0.285803941257688
0.993141 0.0 0.28605497677921427
0.99304104 0.0 0.29283293586042425
0.9930407 0.0 0.2930839713819505
0.99301237 0.0 0.2955943265972135
0.99301046 0.0 0.2958453621187398
0.9928947 0.0 0.303627463286055
0.9928894 0.0 0.3038784988075813
0.9928514 0.0 0.3081461026735283
0.9928477 0.0 0.3083971381950546
0.9928423 0.0 0.30877369147734407
0.99283993 0.0 0.30902472699887035
0.9928383 0.0 0.3091502447596335
0.99283266 0.0 0.30940128028115976
0.9928019 0.0 0.3120371532571859
0.9927999 0.0 0.3122881887787122
0.9927517 0.0 0.3151750972762646
0.9927477 0.0 0.3154261327977909
0.99262154 0.0 0.3254675536588427
0.9926207 0.0 0.325718589180369
0.9926018 0.0 0.32684824902723736
0.9926017 0.0 0.32709928454876364
0.9926011 0.0 0.3272248023095268
0.9926006 0.0 0.3274758378310531
0.99249846 0.0 0.33688966988828917
0.99249554 0.0 0.3371407054098155
0.9924656 0.0 0.3390234718212627
0.992463 0.0 0.339274507342789
0.9924043 0.0 0.3419103803188151
0.9924028 0.0 0.34216141584034143
0.99231344 0.0 0.34906489268231455
0.9923133 0.0 0.34931592820384083
0.9922924 0.0 0.3505711058114723
0.9922916 0.0 0.3508221413329986
0.99225533 0.0 0.35458767415589304
0.9922535 0.0 0.3548387096774194
0.992253 0.0 0.35508974519894565
0.99225205 0.0 0.3553407807204719
0.9922307 0.0 0.3569725116103929
0.99223 0.0 0.3572235471319192
0.9922233 0.0 0.35747458265344545
0.99222165 0.0 0.3577256181749718
0.99208367 0.0 0.36713945023220784
0.99208355 0.0 0.3673904857537342
0.99204296 0.0 0.37002635872976025
0.99204034 0.0 0.3702773942512866
0.9919294 0.0 0.3786870842224175
0.99192667 0.0 0.37893811974394376
0.99191743 0.0 0.37944019078699637
0.9919155 0.0 0.37969122630852264
0.99171597 0.0 0.3933726622317058
0.99170434 0.0 0.3936236977532321
0.9917001 0.0 0.3937492155139952
0.9916963 0.0 0.39400025103552155
0.9916638 0.0 0.39563198192544247
0.9916625 0.0 0.39588301744696874
0.99157435 0.0 0.4032885653319945
0.99157286 0.0 0.40353960085352075
0.9915236 0.0 0.4065520271118363
0.99152184 0.0 0.40680306263336263
0.99152094 0.0 0.40717961591565205
0.9915207 0.0 0.4074306514371784
0.9914689 0.0 0.41157273754236223
0.9914682 0.0 0.41182377306388857
0.99143827 0.0 0.4135810217145726
0.99143773 0.0 0.4138320572360989
0.9913401 0.0 0.4199824275134932
0.99133915 0.0 0.42023346303501946
0.9910944 0.0 0.4320321325467554
0.99109393 0.0 0.43228316806828165
0.9910876 0.0 0.4329107568720974
0.99108547 0.0 0.4331617923936237
0.9909604 0.0 0.43993975147483366
0.9909524 0.0 0.44019078699636
0.9909305 0.0 0.44169700012551777
0.99092954 0.0 0.44194803564704405
0.9907884 0.0 0.4529935985942011
0.99078816 0.0 0.45324463411572735
0.99075705 0.0 0.45575498933099035
0.99075466 0.0 0.4560060248525166
0.9907335 0.0 0.457135684699385
0.99073035 0.0 0.45738672022091126
0.9907216 0.0 0.45788879126396387
0.9907198 0.0 0.45813982678549015
0.99068916 0.0 0.46027362871846367
0.99068856 0.0 0.46052466423998994
0.99068755 0.0 0.4606501820007531
0.99068284 0.0 0.4609012175222794
0.99062717 0.0 0.46466675034517385
0.9906262 0.0 0.46491778586670013
0.9905751 0.0 0.4671771055604368
0.990573 0.0 0.4674281410819631
0.9904683 0.0 0.4742061001631731
0.9904621 0.0 0.4744571356846994
0.99039066 0.0 0.47910129283293584
0.9903894 0.0 0.4794778461152253
0.9903696 0.0 0.4811095770051462
0.9903679 0.0 0.4813606125266725
0.9902947 0.0 0.48525166311033013
0.9902941 0.0 0.4855026986318564
0.9902261 0.0 0.48977030249780346
0.9902249 0.0 0.49002133801932973
0.99015874 0.0 0.4935358353206979
0.9901556 0.0 0.49378687084222417
0.99014413 0.0 0.49479101292832933
0.99014026 0.0 0.49504204844985567
0.9901398 0.0 0.4951675662106188
0.9901372 0.0 0.4954186017321451
0.99010324 0.0 0.49767792142588174
0.9901016 0.0 0.4979289569474081
0.990096 0.0 0.4985565457512238
0.99009436 0.0 0.4988075812727501
0.9900922 0.0 0.4993096523158027
0.9900871 0.0 0.5000627588803815
0.98964804 0.0 0.5240366511861428
0.9896479 0.0 0.5242876867076691
0.9893259 0.0 0.5408560311284046
0.98932576 0.0 0.5411070666499309
0.98931515 0.0 0.541985690975273
0.9893148 0.0 0.5422367264967993
0.9892642 0.0 0.5448725994728254
0.9892602 0.0 0.5451236349943517
0.98919034 0.0 0.548763650056483
0.9891878 0.0 0.5490146855780093
0.98870194 0.0 0.5670892431279027
0.9886979 0.0 0.5673402786494289
0.98851854 0.0 0.574243755491402
0.9885113 0.0 0.5744947910129283
0.9883922 0.0 0.5805196435295594
0.98839146 0.0 0.5807706790510857
0.98831207 0.0 0.5840341408309275
0.9883117 0.0 0.5842851763524539
0.9882039 0.0 0.5884272624576378
0.9881996 0.0 0.588678297979164
0.98817456 0.0 0.5890548512614535
0.9881693 0.0 0.5893058867829798
0.9881555 0.0 0.5906865821513744
0.98815197 0.0 0.5909376176729008
0.9880562 0.0 0.5963348813857161
0.9880548 0.0 0.5965859169072424
0.9879199 0.0 0.6018576628592945
0.98791903 0.0 0.6021086983808209
0.9879083 0.0 0.602987322706163
0.9879054 0.0 0.6032383582276892
0.98755836 0.0 0.6175473829546881
0.9875565 0.0 0.6177984184762144
0.987508 0.0 0.6203087736914773
0.9875051 0.0 0.6205598092130037
0.9870531 0.0 0.6375047069160286
0.9870472 0.0 0.637755742437555
0.98684 0.0 0.6435295594326598
0.98683965 0.0 0.643780594954186
0.98680556 0.0 0.6449102548010544
0.9868052 0.0 0.6451612903225806
0.9866311 0.0 0.65231580268608
0.98662925 0.0 0.6525668382076064
0.9845843 0.0 0.716706413957575
0.9845793 0.0 0.7169574494791013
0.98436815 0.0 0.723484373038785
0.9843556 0.0 0.7237354085603113
0.9838468 0.0 0.7391740931341785
0.9838462 0.0 0.7394251286557048
0.98363495 0.0 0.7441948035647044
0.9836326 0.0 0.7444458390862307
0.9833219 0.0 0.7531065645788879
0.9833204 0.0 0.7533576001004142
0.98305315 0.0 0.759884523660098
0.9830474 0.0 0.7601355591816242
0.9829574 0.0 0.7631479854399398
0.9829531 0.0 0.7633990209614661
0.981426 0.0 0.7952805321953056
0.9814176 0.0 0.795531567716832
0.9814051 0.0 0.7961591565206477
0.9813937 0.0 0.796410192042174
0.9806598 0.0 0.809213003640015
0.9806568 0.0 0.8094640391615413
0.9804057 0.0 0.8139826785490147
0.98040354 0.0 0.814233714070541
0.97838014 0.0 0.8429772812853019
0.978374 0.0 0.8432283168068282
0.975022 0.0 0.8842726245763776
0.9750208 0.0 0.8845236600979038
0.9674165 0.0 0.931216267101795
0.96738285 0.0 0.9314673026233212
0.9654538 0.0 0.9403790636375047
0.9654484 0.0 0.940630099159031
0.9647355 0.0 0.9425128655704782
0.96470183 0.0 0.9427639010920045
0.9572501 0.0 0.9630977783356345
0.95723116 4.1455932343918414e-05 0.9630977783356345
0.9468263 4.1455932343918414e-05 0.978787498431028
0.94678557 8.291186468783683e-05 0.978787498431028
0.9403244 8.291186468783683e-05 0.985565457512238
0.9402757 0.00012436779703175525 0.985565457512238
0.93587446 0.00012436779703175525 0.9883268482490273
0.93572426 0.00016582372937567366 0.9883268482490273
0.9282722 0.00016582372937567366 0.9918413455503954
0.92798024 0.00020727966171959206 0.9918413455503954
0.9276975 0.00020727966171959206 0.9919668633111586
0.92729294 0.0002487355940635105 0.9919668633111586
0.9265815 0.0002487355940635105 0.9922178988326849
0.9259082 0.0002901915264074289 0.9922178988326849
0.9253826 0.0002901915264074289 0.9923434165934479
0.92511886 0.0003316474587513473 0.9923434165934479
0.92335224 0.0003316474587513473 0.9935985942010794
0.92317647 0.0003731033910952657 0.9935985942010794
0.9193101 0.0003731033910952657 0.9948537718087109
0.91834813 0.0004145593234391841 0.9948537718087109
0.9063435 0.0004145593234391841 0.9963599849378687
0.9055379 0.0004560152557831026 0.9963599849378687
0.9026537 0.0004560152557831026 0.9969875737416845
0.9021182 0.000497471188127021 0.9969875737416845
0.9005331 0.000497471188127021 0.9976151625455002
0.89996076 0.0005389271204709393 0.9976151625455002
0.8899812 0.0005389271204709393 0.9987448223923685
0.88735354 0.0006218389851587763 0.9987448223923685
0.88609976 0.0006218389851587763 0.9988703401531317
0.8826585 0.0007047508498466131 0.9988703401531317
0.87120336 0.0007047508498466131 0.9994979289569474
0.86637104 0.0007462067821905314 0.9994979289569474
0.865214 0.0007462067821905314 0.9996234467177105
0.8585718 0.0008291186468783683 0.9996234467177105
0.8568711 0.0008291186468783683 0.9997489644784737
0.78830916 0.0014509576320371445 0.9997489644784737
0.7867649 0.0014509576320371445 0.9998744822392368
0.77210367 0.0016167813614128182 0.9998744822392368
0.7705619 0.0016167813614128182 1.0
0.029601261 0.05099079678301965 1.0
0.029575393 0.05107370864770749 1.0
0.027993651 0.05459746289694055 1.0
0.027973792 0.05468037476162839 1.0
0.02696898 0.05712627476991958 1.0
0.026964316 0.05720918663460741 1.0
0.024057213 0.06579056462979853 1.0
0.024052447 0.06587347649448635 1.0
0.023497706 0.0679877290440262 1.0
0.023476863 0.06807064090871404 1.0
0.02335183 0.06856811209684106 1.0
0.02332488 0.06865102396152889 1.0
0.02310622 0.0693557748113755 1.0
0.023102494 0.06943868667606334 1.0
0.022660594 0.07076527651106873 1.0
0.022656417 0.07084818837575657 1.0
0.019954475 0.08162673078517536 1.0
0.01994326 0.08170964264986319 1.0
0.019674186 0.0830776884172125 1.0
0.019672897 0.08316060028190034 1.0
0.018505704 0.08805240029848271 1.0
0.018461434 0.08813531216317055 1.0
0.018178873 0.08946190199817594 1.0
0.01817429 0.08954481386286378 1.0
0.018119706 0.08975209352458337 1.0
0.018079735 0.08983500538927121 1.0
0.016227573 0.10073791559572175 1.0
0.016210742 0.10082082746040959 1.0
0.01582067 0.10343255119807644 1.0
0.015814783 0.10351546306276428 1.0
0.013934834 0.11628389022469116 1.0
0.013918879 0.116366802089379 1.0
0.012265146 0.13062764281568692 1.0
0.012262322 0.13071055468037476 1.0
0.011541501 0.13697040046430645 1.0
0.011540809 0.1370533123289943 1.0
0.009947312 0.15450625984578392 1.0
0.009940009 0.15458917171047176 1.0
0.008532375 0.1735345327916425 1.0
0.008531325 0.17361744465633033 1.0
0.004319526 0.286584860293508 1.0
0.0043185456 0.28666777215819583 1.0
0.004230209 0.2900257026780532 1.0
0.0042299605 0.29010861454274106 1.0
1.4325291e-05 1.0 1.0
