1.9986038 0.0 0.0
0.99860376 0.0 0.000125517760763148
0.99686074 0.0 0.011547633990209614
0.9968533 0.0 0.01179866951173591
0.9964946 0.0 0.017195933224551273
0.9964778 0.0 0.01744696874607757
0.9960472 0.0 0.025354587674155892
0.99604356 0.0 0.02560562319568219
0.9958626 0.0 0.030249780343918665
0.9958556 0.0 0.03050081586544496
0.99528533 0.0 0.044558805070917536
0.9952844 0.0 0.044809840592443834
0.9949758 0.0 0.05196435295594327
0.9949706 0.0 0.052215388477469565
0.9947731 0.0 0.05711058114723233
0.99476975 0.0 0.05736161666875863
0.99467397 0.0 0.059997489644784734
0.994666 0.0 0.06024852516631103
0.9946234 0.0 0.061754738295468806
0.9946168 0.0 0.062005773816995104
0.9942234 0.0 0.07531065645788879
0.9942228 0.0 0.07556169197941509
0.9940643 0.0 0.07995481360612526
0.994055 0.0 0.08020584912765157
0.9939399 0.0 0.08409689971130915
0.99393725 0.0 0.08434793523283544
0.9939306 0.0 0.08522655955817748
0.9939296 0.0 0.08547759507970377
0.99371403 0.0 0.09300866072549266
0.9937117 0.0 0.09325969624701895
0.9935975 0.0 0.0965231580268608
0.9935921 0.0 0.0967741935483871
0.99349666 0.0 0.10066524413204468
0.9934949 0.0 0.10091627965357099
0.9933854 0.0 0.10505836575875487
0.9933826 0.0 0.10530940128028116
0.99323976 0.0 0.11095770051462282
0.9932395 0.0 0.11120873603614911
0.99288905 0.0 0.12225429898330614
0.9928884 0.0 0.12250533450483243
0.99284256 0.0 0.12413706539475336
0.99284244 0.0 0.12438810091627965
0.99279034 0.0 0.12677293837077946
0.9927834 0.0 0.12702397389230577
0.99267524 0.0 0.13066398895443707
0.99267125 0.0 0.13091502447596334
0.9926166 0.0 0.13380193297351575
0.99261594 0.0 0.13405296849504206
0.99251735 0.0 0.1375674657964102
0.9925149 0.0 0.1378185013179365
0.9915377 0.0 0.1705786368771181
0.9915343 0.0 0.1708296723986444
0.99151635 0.0 0.1715827789632233
0.9915127 0.0 0.1718338144847496
0.99057734 0.0 0.20384084347935233
0.990576 0.0 0.20409187900087863
0.99057066 0.0 0.20421739676164177
0.9905691 0.0 0.20446843228316808
0.99052376 0.0 0.20597464541232585
0.99052143 0.0 0.20622568093385213
0.9904862 0.0 0.20748085854148363
0.9904806 0.0 0.2077318940630099
0.9903764 0.0 0.21149742688590437
0.9903667 0.0 0.21174846240743064
0.99022526 0.0 0.21739676164177232
0.9902243 0.0 0.2176477971632986
0.99018174 0.0 0.21965608133550898
0.9901805 0.0 0.21990711685703526
0.9901232 0.0 0.2222919543115351
0.99011856 0.0 0.22254298983306137
0.99011326 0.0 0.22266850759382453
0.99010825 0.0 0.2229195431153508
0.9900608 0.0 0.2246767917660349
0.99005353 0.0 0.2249278272875612
0.990017 0.0 0.22618300489519266
0.9900141 0.0 0.22643404041671897
0.9896243 0.0 0.2435044558805071
0.98962295 0.0 0.2437554914020334
0.98951083 0.0 0.24726998870340153
0.9895092 0.0 0.24752102422492783
0.98915255 0.0 0.26333626208108446
0.9891515 0.0 0.2635872976026108
0.9890615 0.0 0.26735283042550523
0.98906016 0.0 0.2676038659470315
0.9888431 0.0 0.2767666624827413
0.98884225 0.0 0.2770176980042676
0.988679 0.0 0.28228944395631983
0.9886779 0.0 0.2825404794778461
0.988601 0.0 0.2845487636500565
0.988596 0.0 0.28479979917158277
0.98854464 0.0 0.28680808334379315
0.9885443 0.0 0.28705911886531943
0.98827493 0.0 0.29935985942010795
0.988274 0.0 0.29961089494163423
0.98817897 0.0 0.3028743567214761
0.9881777 0.0 0.3031253922430024
0.98776895 0.0 0.3196937366637379
0.9877676 0.0 0.31994477218526424
0.9873755 0.0 0.33337517258692106
0.98737365 0.0 0.33362620810844734
0.9872643 0.0 0.33764277645286805
0.98725986 0.0 0.3378938119743944
0.9872164 0.0 0.339274507342789
0.9872162 0.0 0.3395255428643153
0.9866996 0.0 0.3577256181749718
0.9866938 0.0 0.35797665369649806
0.9866666 0.0 0.35960838458641897
0.9866654 0.0 0.35985942010794525
0.98655474 0.0 0.36349943517007655
0.9865546 0.0 0.3637504706916029
0.98653954 0.0 0.36450357725618177
0.9865341 0.0 0.36475461277770804
0.9864827 0.0 0.36688841471068157
0.9864819 0.0 0.36713945023220784
0.98642665 0.0 0.3686456633613656
0.9864249 0.0 0.36889669888289195
0.98637646 0.0 0.370653947533576
0.9863746 0.0 0.3709049830551023
0.98606354 0.0 0.3844609012175223
0.98606175 0.0 0.3847119367390486
0.9860254 0.0 0.3868457386720221
0.9860243 0.0 0.3870967741935484
0.9857324 0.0 0.3983933726622317
0.98573005 0.0 0.398644408183758
0.98560256 0.0 0.40366511861428395
0.9855995 0.0 0.4039161541358102
0.98515725 0.0 0.4174720722982302
0.9851564 0.0 0.4177231078197565
0.98500997 0.0 0.4237479603363876
0.9850095 0.0 0.4239989958579139
0.98486555 0.0 0.4292707418099661
0.98486346 0.0 0.4295217773314924
0.9847898 0.0 0.4320321325467554
0.98478925 0.0 0.43228316806828165
0.98417825 0.0 0.45324463411572735
0.9841723 0.0 0.4534956696372537
0.98398983 0.0 0.4591439688715953
0.9839888 0.0 0.45939500439312164
0.98375124 0.0 0.46730262332119993
0.98374647 0.0 0.46755365884272626
0.9835042 0.0 0.4770930086607255
0.9834976 0.0 0.4773440441822518
0.9833468 0.0 0.4818626835697251
0.9833456 0.0 0.4821137190912514
0.98330885 0.0 0.483494414459646
0.9833069 0.0 0.48374544998117236
0.98324525 0.0 0.4867578762394879
0.9832412 0.0 0.4870089117610142
0.98287696 0.0 0.4993096523158027
0.9828729 0.0 0.499560687837329
0.9828204 0.0 0.5016944897703025
0.9828137 0.0 0.5019455252918288
0.9826979 0.0 0.5054600225931969
0.9826895 0.0 0.5057110581147233
0.98259914 0.0 0.5080958955692231
0.98258555 0.0 0.5083469310907494
0.9825684 0.0 0.5088490021338019
0.9825668 0.0 0.5091000376553282
0.9825638 0.0 0.5097276264591439
0.98256034 0.0 0.5099786619806702
0.98231536 0.0 0.5183883519518012
0.9823146 0.0 0.5186393874733275
0.9821315 0.0 0.5250407932722481
0.98213124 0.0 0.5252918287937743
0.98208344 0.0 0.5267980419229321
0.9820769 0.0 0.5270490774444584
0.98203456 0.0 0.528429772812853
0.9820287 0.0 0.5286808083343794
0.98181355 0.0 0.535207731894063
0.9818111 0.0 0.5354587674155893
0.9818064 0.0 0.5355842851763525
0.98180413 0.0 0.5358353206978788
0.9816753 0.0 0.53947533576001
0.98167115 0.0 0.5397263712815363
0.98158884 0.0 0.5422367264967993
0.98158735 0.0 0.5424877620183256
0.9813581 0.0 0.5498933099033513
0.98135066 0.0 0.5501443454248777
0.9806918 0.0 0.5675913141709552
0.9806786 0.0 0.5678423496924815
0.98065805 0.0 0.5684699384962972
0.980656 0.0 0.5687209740178235
0.9802541 0.0 0.5803941257687962
0.98024637 0.0 0.5806451612903226
0.9801877 0.0 0.581900338897954
0.9801829 0.0 0.5821513744194804
0.9790856 0.0 0.6100163173088992
0.979082 0.0 0.6102673528304255
0.9790395 0.0 0.6113970126772938
0.9790389 0.0 0.6116480481988201
0.97891426 0.0 0.614911509978662
0.97890705 0.0 0.6151625455001882
0.9784889 0.0 0.6262081084473453
0.97848606 0.0 0.6264591439688716
0.97769463 0.0 0.6447847370402912
0.977687 0.0 0.6450357725618175
0.9755833 0.0 0.6873352579389984
0.975582 0.0 0.6875862934605247
0.974512 0.0 0.7046567089243128
0.9745102 0.0 0.704907744445839
0.9743842 0.0 0.707292581900339
0.9743731 0.0 0.7075436174218652
0.9739028 0.0 0.7164553784360487
0.97389966 0.0 0.716706413957575
0.97248006 0.0 0.7398016819379942
0.9724638 0.0 0.7400527174595205
0.97147477 0.0 0.7522279402535459
0.97147155 0.0 0.7524789757750722
0.9641725 0.0 0.8247772059746454
0.96414876 0.0 0.8250282414961717
0.96081066 0.0 0.8462407430651437
0.96073306 0.0 0.8467428141081963
0.9464342 0.0 0.9120120497050332
0.94641405 0.0 0.9122630852265595
0.6621952 0.0 1.0
0.014501993 0.13043885971492875 1.0
0.014498737 0.13053263315828958 1.0
0.009884139 0.17165228807201802 1.0
0.009881548 0.17174606151537886 1.0
0.002004564 0.40402288072018006 1.0
0.002004416 0.40411665416354087 1.0
0.00052984344 0.6925637659414854 1.0
0.0005298118 0.6926575393848462 1.0
0.00031621545 0.8130157539384846 1.0
0.00031603535 0.8131095273818455 1.0
0.000234102 0.8756095273818455 1.0
0.00023405906 0.8757033008252063 1.0
0.00019342707 0.910821455363841 1.0
0.00019339212 0.9109152288072018 1.0
2.3031811e-05 1.0 1.0
